q[nm-1]	rebin(sample_DPPC_0000_av_sub_rebin_rscld.txt_00001_[],1,0.0070)	error
4.93094774e-02	6.96520475e-02	5.99551607e-03
5.54746894e-02	8.24994955e-02	3.56898147e-03
6.16399015e-02	5.39226794e-02	2.77721387e-03
6.78051135e-02	4.59552127e-02	2.26474164e-03
7.39703256e-02	3.50618532e-02	1.89269588e-03
8.01355376e-02	3.11308042e-02	1.62641415e-03
8.63007496e-02	2.40727485e-02	1.41227139e-03
9.24659617e-02	1.87127999e-02	1.23919471e-03
9.86311737e-02	1.76415048e-02	1.10811603e-03
1.04796386e-01	1.59156444e-02	1.00008930e-03
1.10961598e-01	1.29900597e-02	9.12523411e-04
1.17126810e-01	1.19713164e-02	8.40039811e-04
1.23292022e-01	1.03146889e-02	7.77447719e-04
1.29457234e-01	8.77262623e-03	7.20679954e-04
1.35622446e-01	8.50672506e-03	6.71530619e-04
1.41787658e-01	6.57455979e-03	6.33982324e-04
1.47952870e-01	6.20636248e-03	6.04673937e-04
1.54118082e-01	6.26687725e-03	5.76628396e-04
1.60283294e-01	5.44884192e-03	5.49892584e-04
1.66448506e-01	5.19785426e-03	5.28143514e-04
1.72613718e-01	5.26540329e-03	5.10941732e-04
1.78778930e-01	5.16939475e-03	4.94149864e-04
1.84944142e-01	5.15169769e-03	4.77518464e-04
1.91109354e-01	4.68482542e-03	4.62344094e-04
1.97274566e-01	4.46680880e-03	4.48239628e-04
2.03439778e-01	4.55342945e-03	4.36160751e-04
2.09604991e-01	4.78675340e-03	4.25714502e-04
2.15770203e-01	4.61201740e-03	4.17058998e-04
2.21935415e-01	4.96266607e-03	4.10770794e-04
2.28100627e-01	5.20212845e-03	4.02182717e-04
2.34265839e-01	5.56650439e-03	3.93386502e-04
2.40431051e-01	5.81815839e-03	3.87922225e-04
2.46596263e-01	5.87044617e-03	3.81522434e-04
2.52761475e-01	6.38593002e-03	3.75161349e-04
2.58926687e-01	6.69222412e-03	3.70195216e-04
2.65091899e-01	7.19807954e-03	3.64594320e-04
2.71257111e-01	7.84565541e-03	3.59745519e-04
2.77422323e-01	8.22888242e-03	3.56746984e-04
2.83587535e-01	8.31493118e-03	3.52723794e-04
2.89752747e-01	8.81866033e-03	3.47400190e-04
2.95917959e-01	9.46697412e-03	3.43899261e-04
3.02083171e-01	9.83009998e-03	3.40675993e-04
3.08248383e-01	1.06565376e-02	3.36901679e-04
3.14413595e-01	1.05025225e-02	3.35054385e-04
3.20578807e-01	1.17535658e-02	3.33025216e-04
3.26744019e-01	1.24027065e-02	3.29693437e-04
3.32909231e-01	1.27475289e-02	3.29265587e-04
3.39074443e-01	1.32606664e-02	3.31953714e-04
3.45239655e-01	1.42203418e-02	3.34526512e-04
3.51404868e-01	1.45618017e-02	3.35517760e-04
3.57570080e-01	1.53075401e-02	3.35821240e-04
3.63735292e-01	1.58559858e-02	3.37704207e-04
3.69900504e-01	1.66240303e-02	3.39027461e-04
3.76065716e-01	1.73259243e-02	3.38522410e-04
3.82230928e-01	1.76007462e-02	3.39252442e-04
3.94561352e-01	1.95116986e-02	3.38725469e-04
4.06891776e-01	2.08136079e-02	3.37928830e-04
4.19222200e-01	2.23459387e-02	3.28248531e-04
4.31552624e-01	2.35867678e-02	3.20277759e-04
4.43883048e-01	2.50699995e-02	3.14359774e-04
4.56213472e-01	2.63878348e-02	3.07906629e-04
4.68543896e-01	2.81583538e-02	3.03473641e-04
4.80874320e-01	2.98096171e-02	3.00107482e-04
4.93204745e-01	3.11137950e-02	2.96862192e-04
5.05535169e-01	3.25117329e-02	2.93940687e-04
5.17865593e-01	3.44514705e-02	2.90899646e-04
5.30196017e-01	3.53089585e-02	2.88967528e-04
5.42526441e-01	3.71030692e-02	2.87541866e-04
5.54856865e-01	3.87153217e-02	2.88862014e-04
5.67187289e-01	3.97340335e-02	2.94927472e-04
5.79517713e-01	4.09980165e-02	1.40065406e-04
5.91848137e-01	4.23192247e-02	1.41239536e-04
6.04178561e-01	4.35755794e-02	1.42098415e-04
6.16508985e-01	4.49264321e-02	1.42508612e-04
6.28839410e-01	4.62952179e-02	1.41280464e-04
6.41169834e-01	4.74679279e-02	1.38514981e-04
6.53500258e-01	4.86517091e-02	1.36168026e-04
6.65830682e-01	4.98823647e-02	1.34365225e-04
6.78161106e-01	5.09406534e-02	1.32722337e-04
6.90491530e-01	5.22240225e-02	1.31592324e-04
7.02821954e-01	5.35393620e-02	1.30917636e-04
7.15152378e-01	5.47916593e-02	1.29946977e-04
7.27482802e-01	5.59952661e-02	1.28630794e-04
7.39813226e-01	5.70706630e-02	1.27803241e-04
7.52143650e-01	5.84412108e-02	1.27416552e-04
7.64474074e-01	5.97821609e-02	2.68702584e-04
7.89134923e-01	6.20903643e-02	2.64979816e-04
8.13795771e-01	6.43608948e-02	2.69818891e-04
8.38456619e-01	6.68912235e-02	2.70447690e-04
8.63117467e-01	6.88144609e-02	2.63497096e-04
8.87778315e-01	7.10664764e-02	2.58338762e-04
9.12439164e-01	7.28331480e-02	2.55371803e-04
9.37100012e-01	7.47028071e-02	2.53788207e-04
9.61760860e-01	7.60934292e-02	2.51623741e-04
9.86421708e-01	7.75196368e-02	2.48089613e-04
1.01108256e+00	7.85788431e-02	2.44422559e-04
1.03574340e+00	7.97670182e-02	2.42602042e-04
1.06040425e+00	8.03278046e-02	2.40217104e-04
1.08506510e+00	8.08600550e-02	2.38746157e-04
1.10972595e+00	8.17319242e-02	2.35822411e-04
1.13438680e+00	8.15372937e-02	2.34525480e-04
1.15904765e+00	8.14082674e-02	7.21897440e-05
1.18370849e+00	8.10692716e-02	5.35822726e-05
1.20836934e+00	8.06649802e-02	5.35461819e-05
1.23303019e+00	7.99274965e-02	5.34711673e-05
1.25769104e+00	7.91310878e-02	5.33239876e-05
1.28235189e+00	7.80912691e-02	5.30784547e-05
1.30701273e+00	7.70654248e-02	5.33424691e-05
1.33167358e+00	7.58352309e-02	5.41803825e-05
1.35633443e+00	7.45495258e-02	5.46550299e-05
1.38099528e+00	7.32592067e-02	5.42204606e-05
1.40565613e+00	7.16666833e-02	5.31400919e-05
1.43031698e+00	7.01320429e-02	5.22538923e-05
1.45497782e+00	6.85206134e-02	5.19494269e-05
1.47963867e+00	6.67592182e-02	5.17402047e-05
1.50429952e+00	6.49443181e-02	5.15324131e-05
1.52896037e+00	6.29762005e-02	4.55061606e-05
1.56595164e+00	6.01328249e-02	8.29622377e-05
1.60294291e+00	5.71948751e-02	8.30408788e-05
1.63993418e+00	5.40494764e-02	8.01259448e-05
1.67692546e+00	5.06297392e-02	7.82535234e-05
1.71391673e+00	4.73181878e-02	7.66367285e-05
1.75090800e+00	4.41098029e-02	3.54374848e-05
1.78789927e+00	4.09081480e-02	3.48014138e-05
1.82489055e+00	3.76758091e-02	3.42603035e-05
1.86188182e+00	3.45122785e-02	3.37025087e-05
1.89887309e+00	3.14075324e-02	3.31196833e-05
1.93586436e+00	2.84380083e-02	3.25897930e-05
1.97285564e+00	2.56105264e-02	3.21018483e-05
2.00984691e+00	2.29458955e-02	3.16279538e-05
2.04683818e+00	2.04052826e-02	3.11565190e-05
2.08382945e+00	1.80428342e-02	3.06951581e-05
2.12082072e+00	1.57960273e-02	3.01972030e-05
2.15781200e+00	1.37761642e-02	2.97267595e-05
2.19480327e+00	1.19700968e-02	2.93587135e-05
2.23179454e+00	1.02599082e-02	2.90354744e-05
2.26878581e+00	8.75978411e-03	2.75728350e-05
2.31194230e+00	7.24434584e-03	2.47846872e-05
2.36126399e+00	5.77980155e-03	2.31502096e-05
2.41058569e+00	4.57619864e-03	2.29046681e-05
2.45990739e+00	3.57122676e-03	2.27454701e-05
2.50922908e+00	2.84534632e-03	2.31514839e-05
2.55855078e+00	2.28220035e-03	2.37555599e-05
2.60787248e+00	1.91638530e-03	2.35307738e-05
2.65719417e+00	1.69217820e-03	2.29600199e-05
2.70651587e+00	1.58343782e-03	2.27079408e-05
2.75583756e+00	1.64269381e-03	2.25676216e-05
2.80515926e+00	1.72357619e-03	2.24481944e-05
2.85448096e+00	1.87087723e-03	2.23365076e-05
2.90380265e+00	2.03381628e-03	2.21794177e-05
2.95312435e+00	2.16834579e-03	2.20065256e-05
3.00244605e+00	2.34101797e-03	2.19065010e-05
3.05176774e+00	2.48777275e-03	2.06533460e-05
3.11341986e+00	2.66455747e-03	1.93206683e-05
3.17507198e+00	2.76381740e-03	1.91816026e-05
3.23672410e+00	2.83555588e-03	1.90195034e-05
3.29837622e+00	2.82743217e-03	1.89837902e-05
3.36002834e+00	2.81089297e-03	1.90334521e-05
3.42168047e+00	2.72477366e-03	1.91176692e-05
3.48333259e+00	2.60784129e-03	1.97587769e-05
3.54498471e+00	2.40046709e-03	2.03862824e-05
3.60663683e+00	2.19073083e-03	2.01347303e-05
3.66828895e+00	2.04028646e-03	1.97096687e-05
3.72994107e+00	1.89902508e-03	1.94494623e-05
3.79159319e+00	1.73886147e-03	1.87550514e-05
3.85941052e+00	1.57344772e-03	1.76558750e-05
3.93339307e+00	1.43722599e-03	1.70755580e-05
4.00737561e+00	1.33216600e-03	1.70277928e-05
4.08135815e+00	1.26670505e-03	1.69939723e-05
4.15534070e+00	1.24833874e-03	1.69411430e-05
4.22932324e+00	1.25676234e-03	1.69077249e-05
4.30330579e+00	1.28896139e-03	1.69218797e-05
4.37728833e+00	1.32120474e-03	1.70069379e-05
4.45127088e+00	1.36488099e-03	1.75499331e-05
4.52525342e+00	1.38328436e-03	1.79364558e-05
4.59923597e+00	1.44347155e-03	1.70406285e-05
4.68554893e+00	1.49495359e-03	1.62207422e-05
4.77186190e+00	1.51997369e-03	1.63531012e-05
4.85817487e+00	1.54914257e-03	1.65492640e-05
4.94448784e+00	1.49322855e-03	1.67479380e-05
5.03080081e+00	1.46869770e-03	1.69819218e-05
5.11711378e+00	1.44139590e-03	1.75749505e-05
5.20342675e+00	1.37749569e-03	1.83140568e-05
5.28973971e+00	1.30242608e-03	1.88999293e-05
5.37605268e+00	1.24453754e-03	1.87602667e-05
5.47469608e+00	1.21458056e-03	1.87273561e-05
5.57333947e+00	1.16332141e-03	1.96793055e-05
5.67198286e+00	1.13949876e-03	2.08343300e-05
5.77062625e+00	1.09210726e-03	2.20650746e-05
5.86926965e+00	1.07617972e-03	2.35160010e-05
5.96791304e+00	9.80936442e-04	2.56346022e-05
6.06655643e+00	1.00176886e-03	3.69536869e-05
